434538.215235,4462448.05477
434538.003249,4462447.91267
434537.780605,4462447.78288
434537.551,4462447.65075
434537.245254,4462447.57404
434537.018151,4462447.43633
434536.777368,4462447.3054
434536.545993,4462447.16514
434536.292515,4462447.04025
434536.057151,4462446.89725
434535.816868,4462446.75873
434535.573872,4462446.61764
434535.360558,4462446.45318
434535.113725,4462446.31064
434534.871006,4462446.16882
434534.617068,4462446.02357
434534.293682,4462445.93795
434534.04766,4462445.79097
434533.796218,4462445.6396
434533.548914,4462445.49171
434533.236637,4462445.38065
434532.980715,4462445.23523
434532.711848,4462445.08346
434532.448083,4462444.93201
434532.211496,4462444.76238
434531.94504,4462444.61095
434531.688951,4462444.4463
434531.423745,4462444.29209
434531.146237,4462444.14002
434530.879335,4462443.98619
434530.606568,4462443.82557
434530.339739,4462443.66379
434530.08376,4462443.49562
434529.811709,4462443.33592
434529.543531,4462443.16564
434529.267224,4462443.00523
434528.958443,4462442.87268
434528.696736,4462442.69734
434528.417819,4462442.52993
434528.133924,4462442.37644
434527.831506,4462442.22643
434527.559244,4462442.05878
434527.283446,4462441.89171
434527.000193,4462441.73062
434526.769466,4462441.51839
434526.490337,4462441.35912
434526.209949,4462441.18543
434525.925631,4462441.01584
434525.671926,4462440.81602
434525.374453,4462440.66468
434525.086895,4462440.49716
434524.804553,4462440.32681
434524.520218,4462440.15519
434524.228693,4462439.98752
434523.945456,4462439.812
434523.65098,4462439.64695
434523.398939,4462439.44304
434523.101939,4462439.26468
434522.808616,4462439.1183
434522.512756,4462438.94067
434522.221369,4462438.77263
434521.929165,4462438.60829
434521.63574,4462438.43379
434521.345581,4462438.26037
434521.072741,4462438.07514
434520.7795,4462437.90564
434520.49674,4462437.73604
434520.203988,4462437.55764
434519.916162,4462437.37551
434519.623301,4462437.20082
434519.32875,4462437.02725
434519.037083,4462436.85958
434518.796,4462436.6454
434518.492609,4462436.48134
434518.214596,4462436.28765
434517.928026,4462436.11975
434517.619243,4462435.95445
434517.318367,4462435.78649
434517.017221,4462435.62001
434516.720759,4462435.43832
434516.452199,4462435.25675
434516.147902,4462435.06995
434515.849598,4462434.90456
434515.551339,4462434.72806
434515.24134,4462434.56962
434514.935347,4462434.39948
434514.642264,4462434.21554
434514.341308,4462434.03833
434514.02359,4462433.87181
434513.720941,4462433.69535
434513.427463,4462433.51493
434513.129526,4462433.34287
434512.805919,4462433.18307
434512.498908,4462433.00998
434512.202213,4462432.81793
434511.908591,4462432.63714
434511.619191,4462432.45335
434511.31624,4462432.27468
434511.034531,4462432.09582
434510.732238,4462431.9114
434510.412381,4462431.74324
434510.108014,4462431.56476
434509.806571,4462431.38034
434509.480437,4462431.22333
434509.17618,4462431.04115
434508.870095,4462430.86047
434508.566572,4462430.68125
434508.261069,4462430.50241
434507.961577,4462430.31445
434507.65469,4462430.13933
434507.346438,4462429.95386
434507.018683,4462429.78946
434506.763472,4462429.56319
434506.460097,4462429.38471
434506.149111,4462429.21055
434505.832069,4462429.02404
434505.529688,4462428.82963
434505.221819,4462428.63935
434504.911906,4462428.45833
434504.599243,4462428.27049
434504.33579,4462428.05725
434504.017157,4462427.86705
434503.709459,4462427.6801
434503.397242,4462427.49466
434503.082441,4462427.30536
434502.769254,4462427.12233
434502.451049,4462426.93251
434502.136075,4462426.73951
434501.835369,4462426.54231
434501.514608,4462426.35158
434501.19778,4462426.15712
434500.878835,4462425.9636
434500.520511,4462425.80206
434500.33605,4462425.45418
434500.347412,4462425.31125
434499.978616,4462425.15073
434499.317078,4462424.95945
434498.991951,4462424.77172
434498.672574,4462424.57728
434498.35439,4462424.37358
434498.042977,4462424.16667
434497.712959,4462423.98638
434497.320421,4462423.83199
434497.055374,4462423.5984
434496.692846,4462423.4258
434496.37263,4462423.23266
434496.353141,4462423.0765
434496.021103,4462422.89197
434495.687645,4462422.70709
434495.363156,4462422.51121
434495.055024,4462422.30705
434494.592323,4462422.14642
434494.255104,4462421.96879
434493.943725,4462421.76577
434493.609346,4462421.57275
434493.201298,4462421.3937
434492.866504,4462421.20179
434492.529283,4462421.00769
434492.197106,4462420.80726
434491.857754,4462420.61244
434491.538166,4462420.39395
434491.199748,4462420.19246
434490.865717,4462419.99056
434490.527583,4462419.78925
434490.19645,4462419.57863
434489.861556,4462419.37526
434489.521416,4462419.17119
434489.214785,4462418.96055
434488.876818,4462418.76201
434488.525684,4462418.56415
434488.191071,4462418.36059
434487.864346,4462418.15197
434487.535589,4462417.93763
434487.200366,4462417.72908
434486.848881,4462417.52344
434486.425769,4462417.3386
434486.074882,4462417.13667
434485.728067,4462416.93062
434485.37001,4462416.71839
434485.061662,4462416.50572
434484.714805,4462416.29487
434484.375939,4462416.09079
434484.024789,4462415.89108
434483.532329,4462415.72867
434483.039995,4462415.58069
434482.690309,4462415.37024
434482.340227,4462415.16311
434481.99355,4462414.9567
434481.575775,4462414.75053
434481.146678,4462414.48027
434480.796326,4462414.27463
434480.465667,4462414.05346
434480.05757,4462413.88514
434479.700247,4462413.67604
434479.36066,4462413.47049
434478.981098,4462413.27732
434478.627987,4462413.06393
434478.236758,4462412.8159
434477.879982,4462412.60458
434477.540034,4462412.39016
434477.313222,4462412.07465
434477.117306,4462411.98922
434476.764073,4462411.77805
434476.414887,4462411.56001
434476.137952,4462411.27898
434475.802536,4462411.0808
434475.44307,4462410.8695
434475.088005,4462410.65946
434474.816422,4462410.37487
434474.473253,4462410.18101
434474.108532,4462409.96809
434473.746071,4462409.75442
434473.425772,4462409.50319
434473.10573,4462409.33021
434472.743547,4462409.11598
434472.366983,4462408.90927
434471.943884,4462408.74238
434471.623217,4462408.56275
434471.258075,4462408.3502
434470.935238,4462408.11657
434470.570253,4462407.90588
434470.283412,4462407.75593
434469.914217,4462407.53343
434469.551306,4462407.31698
434469.130381,4462407.13952
434468.633455,4462406.80584
434468.274639,4462406.58806
434467.910455,4462406.37181
434467.555588,4462406.15196
434467.210972,4462405.95459
434466.845372,4462405.73836
434466.485742,4462405.52466
434466.161399,4462405.2644
434465.729079,4462404.98195
434465.345555,4462404.78936
434464.892875,4462404.65732
434464.60545,4462404.359
434464.280956,4462404.19531
434463.916727,4462403.97388
434463.549668,4462403.75285
434463.170277,4462403.54691
434462.769333,4462403.28935
434462.407011,4462403.07549
434462.043757,4462402.8522
434461.694288,4462402.61806
434461.267341,4462402.33464
434460.902718,4462402.11673
434460.507753,4462401.91147
434460.152202,4462401.67831
434459.786636,4462401.46596
434459.416574,4462401.24162
434459.064649,4462401.01823
434458.667819,4462400.8265
434458.24515,4462400.56266
434457.874524,4462400.33869
434457.520218,4462400.10201
434457.123703,4462399.91397
434456.708488,4462399.66042
434456.337469,4462399.43998
434455.950774,4462399.22485
434455.616309,4462398.97337
434455.2715,4462398.78637
434454.894709,4462398.57005
434454.513948,4462398.3532
434454.186712,4462398.08612
434453.872918,4462397.93141
434453.49146,4462397.71586
434453.123965,4462397.49354
434452.742973,4462397.2828
434452.299296,4462396.99749
434451.920164,4462396.78877
434451.55773,4462396.56215
434451.201976,4462396.32196
434450.809025,4462396.10411
434450.432788,4462395.8863
434450.051622,4462395.67186
434449.69432,4462395.43279
434449.284363,4462395.19751
434448.905296,4462394.9801
434448.518631,4462394.76848
434448.11366,4462394.56906
434447.668134,4462394.28284
434447.289505,4462394.0669
434446.898839,4462393.85125
434446.478409,4462393.66565
434446.073142,4462393.41608
434445.686255,4462393.19522
434445.293786,4462392.98384
434444.959439,4462392.7135
434444.550362,4462392.46545
434444.170421,4462392.24526
434443.784242,4462392.04068
434443.41385,4462391.79488
434443.096986,4462391.64537
434442.708925,4462391.4199
434442.305928,4462391.20325
434441.897429,4462391.00533
434441.467522,4462390.73988
434441.081016,4462390.51402
434440.672051,4462390.31148
434440.263021,4462390.10136
434439.864939,4462389.86357
434439.468828,4462389.64076
434439.07555,4462389.41792
434438.695761,4462389.18275
434438.235265,4462388.88538
434437.846058,4462388.65843
434437.455703,4462388.42964
434437.078521,4462388.18483
434436.719526,4462387.99536
434436.334273,4462387.76708
434435.946755,4462387.53883
434435.551271,4462387.30675
434435.169067,4462387.08696
434434.780277,4462386.85908
434434.387507,4462386.62958
434433.973369,4462386.41857
434433.591661,4462386.20692
434433.194491,4462385.97634
434432.804643,4462385.74089
434432.393021,4462385.52598
434431.940828,4462385.40134
434431.548148,4462385.16591
434431.249677,4462384.85177
434430.87535,4462384.59324
434430.376382,4462384.44829
434430.065104,4462384.14351
434429.653681,4462383.91898
434429.236275,4462383.70671
434428.795878,4462383.44043
434428.40573,4462383.20295
434428.005133,4462382.96925
434427.598689,4462382.74727
434427.195942,4462382.51063
434426.792215,4462382.2753
434426.389006,4462382.0507
434425.950635,4462381.85434
434425.577921,4462381.66721
434425.173127,4462381.43947
434424.76747,4462381.21026
434424.346474,4462380.99248
434423.943299,4462380.77176
434423.538082,4462380.54421
434423.108768,4462380.33075
434422.681972,4462380.13003
434422.265246,4462379.89833
434421.858482,4462379.67209
434421.441698,4462379.45001
434421.038836,4462379.20024
434420.649715,4462378.99956
434420.242491,4462378.76926
434419.826736,4462378.53533
434419.423287,4462378.29944
434419.034115,4462378.07657
434418.625258,4462377.83777
434418.198575,4462377.61744
434417.776966,4462377.39429
434417.365581,4462377.15791
434416.954284,4462376.93172
434416.427955,4462376.9302
434416.018154,4462376.69677
434415.68913,4462376.27356
434415.262162,4462376.06933
434414.850596,4462375.82852
434414.406971,4462375.647
434413.900606,4462375.54725
434413.485331,4462375.30333
434413.167491,4462374.89575
434412.747227,4462374.66445
434412.375741,4462374.37463
434411.83994,4462374.39132
434411.492583,4462373.97734
434411.071885,4462373.76121
434410.638009,4462373.52818
434410.115955,4462373.49721
434409.785547,4462373.07771
434409.363601,4462372.84846
434408.932729,4462372.61891
434408.517442,4462372.38998
434408.095776,4462372.16035
434407.624908,4462371.98944
434407.127632,4462371.81135
434406.695192,4462371.59681
434406.253692,4462371.36662
434405.88541,4462371.05438
434405.442914,4462370.85621
434405.020388,4462370.62548
434404.603761,4462370.38897
434404.153768,4462370.19197
434403.747807,4462369.99293
434403.318246,4462369.76763
434402.888375,4462369.53919
434402.487398,4462369.2783
434402.084087,4462369.09089
434401.663158,4462368.86459
434401.230047,4462368.63821
434400.780484,4462368.42548
434400.3565,4462368.20624
434399.938421,4462367.98195
434399.503668,4462367.76225
434399.082061,4462367.53947
434398.663395,4462367.32906
434398.228654,4462367.11066
434397.797464,4462366.89351
434397.372441,4462366.66873
434396.937097,4462366.44626
434396.509574,4462366.22723
434396.079241,4462366.01082
434395.653939,4462365.78659
434395.223194,4462365.57167
434394.789463,4462365.35547
434394.351382,4462365.14394
434393.933549,4462364.91539
434393.526678,4462364.72579
434393.092854,4462364.51514
434392.669508,4462364.28794
434392.217001,4462364.09503
434391.781334,4462363.88422
434391.363759,4462363.66899
434390.92852,4462363.45855
434390.487401,4462363.25592
434390.04843,4462363.03977
434389.619825,4462362.82667
434389.184211,4462362.62197
434388.752283,4462362.41759
434388.311841,4462362.21145
434387.872281,4462362.00899
434387.444755,4462361.80588
434387.007692,4462361.59748
434386.596075,4462361.41588
434386.215853,4462361.16388
434385.78555,4462360.96726
434385.357011,4462360.76175
434384.934221,4462360.56581
434384.390596,4462360.44882
434383.958725,4462360.2511
434383.506376,4462360.07633
434383.046091,4462359.90107
434382.62412,4462359.7016
434382.190589,4462359.50835
434381.753763,4462359.32715
434381.325602,4462359.13255
434380.92575,4462358.91957
434380.459356,4462358.75843
434380.021966,4462358.57741
434379.597363,4462358.36854
434379.176943,4462358.16832
434378.745904,4462357.98485
434378.32393,4462357.78502
434377.901714,4462357.62256
434377.49839,4462357.41757
434377.06928,4462357.22779
434376.654295,4462357.03364
434376.242607,4462356.81151
434375.808052,4462356.64713
434375.381257,4462356.46306
434374.954469,4462356.27974
434374.525874,4462356.1166
434374.158921,4462355.89205
434373.719471,4462355.71846
434373.27904,4462355.54617
434372.869393,4462355.36325
434372.532376,4462355.11198
434372.102001,4462354.93961
434371.661749,4462354.77157
434371.114725,4462354.68717
434370.817621,4462354.4165
434370.393272,4462354.23685
434369.971133,4462354.05071
434369.566493,4462353.85721
434369.227919,4462353.62242
434368.816075,4462353.4312
434368.409639,4462353.24289
434367.996306,4462353.05963
434367.443683,4462352.98286
434367.017682,4462352.8086
434366.595869,4462352.62745
434366.178374,4462352.47032
434365.742476,4462352.33055
434365.317929,4462352.16071
434364.89017,4462351.99608
434364.46203,4462351.83645
434364.059031,4462351.65255
434363.629132,4462351.48609
434363.210643,4462351.3125
434362.767681,4462351.14227
434362.341048,4462350.97689
434361.918521,4462350.81129
434361.499852,4462350.63327
434361.053845,4462350.4712
434360.695981,4462350.24953
434360.277849,4462350.08445
434359.847897,4462349.92817
434359.41939,4462349.7752
434358.962975,4462349.63783
434358.593592,4462349.41072
434358.107721,4462349.32264
434357.702525,4462349.13043
434357.229864,4462348.99783
434356.852018,4462348.79114
434356.425901,4462348.63612
434355.974996,4462348.46466
434355.593028,4462348.27244
434355.170858,4462348.11534
434354.749417,4462347.96065
434354.33065,4462347.78762
434353.968378,4462347.59652
434353.534964,4462347.44933
434353.111956,4462347.29354
434352.673775,4462347.15195
434352.178111,4462347.04526
434351.753595,4462346.89522
434351.334276,4462346.74014
434350.909034,4462346.58807
434350.473975,4462346.44719
434350.054438,4462346.2997
434349.631596,4462346.14668
434349.217568,4462345.99747
434348.787274,4462345.85081
434348.367993,4462345.70017
434347.948835,4462345.54731
434347.509317,4462345.3987
434347.083118,4462345.25052
434346.665132,4462345.10227
434346.241365,4462344.95685
434345.817976,4462344.80625
434345.411324,4462344.64199
434344.98595,4462344.49103
434344.560629,4462344.34618
434344.15807,4462344.21279
434343.669556,4462344.114
434343.248991,4462343.96226
434342.834559,4462343.81546
434342.438022,4462343.69052
434341.977335,4462343.56688
434341.560517,4462343.42251
434341.140495,4462343.26818
434340.724832,4462343.12639
434340.248546,4462343.01676
434339.824664,4462342.87448
434339.4036,4462342.73052
434338.977622,4462342.59159
434338.559337,4462342.4415
434338.137867,4462342.29976
434337.715969,4462342.15765
434337.311655,4462342.01798
434336.93056,4462341.84481
434336.505226,4462341.69847
434336.080634,4462341.55602
434335.664929,4462341.4257
434335.119267,4462341.4164
434334.692998,4462341.27655
434334.26291,4462341.13729
434333.844343,4462340.98739
434333.363042,4462340.93608
434332.941032,4462340.79731
434332.510438,4462340.66508
434332.087362,4462340.53409
434331.68302,4462340.37499
434331.253697,4462340.2422
434330.82965,4462340.09733
434330.411238,4462339.94891
434330.057355,4462339.69668
434329.632626,4462339.55478
434329.211152,4462339.41267
434328.792008,4462339.27776
434328.467554,4462339.00566
434327.973742,4462338.91654
434327.60182,4462338.73959
434327.182431,4462338.60912
434326.737549,4462338.52752
434326.307389,4462338.39622
434325.886361,4462338.25651
434325.459488,4462338.11241
434324.979006,4462338.05759
434324.541607,4462337.94078
434324.118239,4462337.80886
434323.687855,4462337.6844
434323.334557,4462337.45049
434322.907917,4462337.31693
434322.474542,4462337.19065
434322.053003,4462337.07352
434321.590046,4462336.98191
434321.161207,4462336.85596
434320.733089,4462336.73148
434320.292443,4462336.59972
434319.926159,4462336.38719
434319.493829,4462336.26701
434319.064013,4462336.14273
434318.640668,4462336.02969
434318.266063,4462335.85368
434317.839628,4462335.72734
434317.406997,4462335.60512
434316.980166,4462335.48212
434316.394562,4462335.48908
434315.964028,4462335.3637
434315.532578,4462335.24702
434315.092638,4462335.13116
434314.669249,4462334.99684
434314.240203,4462334.87977
434313.803312,4462334.7563
434313.368953,4462334.64705
434312.88182,4462334.59302
434312.45656,4462334.47148
434312.032669,4462334.34456
434311.614304,4462334.23406
434311.154701,4462334.15353
434310.725945,4462334.0372
434310.297582,4462333.91716
434309.859001,4462333.79481
434309.432066,4462333.67625
434309.004221,4462333.55066
434308.569226,4462333.43346
434308.127993,4462333.31558
434307.656788,4462333.25272
434307.221575,4462333.1431
434306.786728,4462333.02664
434306.36468,4462332.91618
434305.929136,4462332.80102
434305.498285,4462332.68804
434305.065562,4462332.57156
434304.634145,4462332.45877
434304.224775,4462332.30786
434303.793787,4462332.19543
434303.378631,4462332.06326
434302.944648,4462331.94845
434302.461916,4462331.8955
434302.013035,4462331.79396
434301.578805,4462331.68342
434301.141684,4462331.58233
434300.678188,4462331.51015
434300.24691,4462331.39699
434299.806811,4462331.27928
434299.37164,4462331.17448
434298.986497,4462331.00819
434298.555634,4462330.89391
434298.125048,4462330.7789
434297.693505,4462330.66777
434297.246928,4462330.57066
434296.810763,4462330.46549
434296.381746,4462330.35176
434295.983859,4462330.21832
434295.521417,4462330.15335
434295.031981,4462330.09509
434294.598104,4462329.9925
434294.156444,4462329.89071
434293.733056,4462329.78895
434293.375072,4462329.63501
434292.946999,4462329.53199
434292.513509,4462329.42514
434292.121571,4462329.27556
434291.752704,4462329.12411
434291.336161,4462329.01156
434290.920613,4462328.89937
434290.503062,4462328.80108
434290.052351,4462328.71713
434289.621945,4462328.60655
434289.193272,4462328.51594
434288.764188,4462328.44328
434288.406631,4462328.24086
434287.914329,4462328.24367
434287.569984,4462328.04576
434287.161924,4462327.93147
434286.736376,4462327.84194
434286.313714,4462327.7424
434285.897623,4462327.64908
434285.484204,4462327.55371
434285.106292,4462327.42085
434284.679979,4462327.32485
434284.264792,4462327.23782
434283.865615,4462327.13511
434283.465836,4462327.02833
434283.049549,4462326.92892
434282.624465,4462326.82773
434282.21715,4462326.73378
434281.895623,4462326.57008
434281.470802,4462326.48277
434281.066277,4462326.40027
434280.674076,4462326.28547
434280.271775,4462326.18187
434279.848787,4462326.09361
434279.430066,4462326.00735
434279.003903,4462325.92856
434278.517755,4462325.89007
434278.098588,4462325.80141
434277.679615,4462325.70257
434277.287299,4462325.60701
434276.815135,4462325.56415
434276.402442,4462325.4708
434275.993201,4462325.38354
434275.585504,4462325.29459
434275.14327,4462325.22445
434274.727687,4462325.14076
434274.316089,4462325.05925
434273.902014,4462324.9698
434273.522715,4462324.87284
434273.094098,4462324.7887
434272.683575,4462324.7168
434272.27291,4462324.62863
434271.836167,4462324.57083
434271.428225,4462324.48633
434271.010636,4462324.40006
434270.593708,4462324.32452
434270.184844,4462324.24798
434269.76814,4462324.16559
434269.352148,4462324.08375
434268.938157,4462324.00392
434268.531837,4462323.92681
434268.119428,4462323.84975
434267.70376,4462323.77253
434267.295582,4462323.69339
434266.861631,4462323.63113
434266.449526,4462323.55647
434266.030037,4462323.47966
434265.622204,4462323.40755
434265.210802,4462323.33233
434264.799151,4462323.261
434264.384172,4462323.19783
434263.966869,4462323.12803
434263.571504,4462323.04027
434263.156375,4462322.97619
434262.740158,4462322.90101
434262.337142,4462322.82904
434261.909746,4462322.77135
434261.500123,4462322.70518
434261.090357,4462322.63883
434260.674727,4462322.56605
434260.24018,4462322.51656
434259.827002,4462322.44876
434259.410887,4462322.38523
434258.993663,4462322.32449
434258.585695,4462322.25331
434258.17271,4462322.19143
434257.746124,4462322.12911
434257.333323,4462322.07203
434256.936339,4462321.99354
434256.524805,4462321.93552
434256.098523,4462321.92426
434255.697923,4462321.85339
434255.29031,4462321.79034
434254.881722,4462321.72916
434254.477812,4462321.66849
434254.018557,4462321.67657
434253.644364,4462321.59659
434253.236355,4462321.53688
434252.826513,4462321.47811
434252.357893,4462321.50052
434251.961482,4462321.43886
434251.547391,4462321.38013
434251.141452,4462321.33039
434250.790115,4462321.19156
434250.363674,4462321.14589
434249.944291,4462321.08128
434249.54479,4462321.02261
434249.168872,4462320.92358
434248.728634,4462320.90356
434248.321267,4462320.85254
434247.910469,4462320.79785
434247.442069,4462320.84542
434247.02276,4462320.80542
434246.613235,4462320.75054
434246.204351,4462320.70416
434245.818393,4462320.62317
434245.37567,4462320.59429
434244.969626,4462320.54881
434244.571423,4462320.4929
434244.213083,4462320.37929
434243.836501,4462320.30154
434243.429147,4462320.25201
434243.01698,4462320.20269
434242.596195,4462320.17214
434242.179064,4462320.13823
434241.77885,4462320.09529
434241.380689,4462320.04419
434240.939083,4462320.04602
434240.559927,4462319.98161
434240.160615,4462319.92849
434239.757705,4462319.88502
434239.400073,4462319.7714
434238.991113,4462319.73261
434238.593514,4462319.68095
434238.193269,4462319.63449
434237.791442,4462319.58528
434237.345323,4462319.57308
434236.951332,4462319.52916
434236.567687,4462319.48589
434236.182679,4462319.43264
434235.806293,4462319.37728
434235.415302,4462319.3363
434235.031507,4462319.2921
434234.683673,4462319.19764
434234.296198,4462319.15385
434233.913101,4462319.10854
434233.532778,4462319.07264
434233.125156,4462319.05733
434232.749783,4462319.00437
434232.372961,4462318.964
434231.980364,4462318.91748
434231.551099,4462318.9377
434231.212346,4462318.86129
434230.823589,4462318.81658
434230.445798,4462318.77881
434230.062627,4462318.74127
434229.6175,4462318.74535
434229.249018,4462318.70306
434228.879385,4462318.65874
434228.519481,4462318.57696
434228.167257,4462318.5312
434227.786901,4462318.4916
434227.407298,4462318.45718
434226.99839,4462318.45668
434226.610733,4462318.44064
434226.279743,4462318.36121
434225.917365,4462318.33662
434225.629191,4462318.14858
434225.284976,4462318.09553
434224.873292,4462318.0205
434224.510216,4462317.98093
434224.122463,4462317.9377
434223.758663,4462317.91257
434223.375602,4462317.87133
434222.994226,4462317.8447
434222.636151,4462317.79399
434222.251472,4462317.77829
434221.864745,4462317.7715
434221.481829,4462317.77929
434220.880353,4462317.91497
434220.752843,4462317.6839
434220.367922,4462317.65674
434220.011353,4462317.61619
434219.624587,4462317.58868
434219.261804,4462317.5665
434218.89274,4462317.50627
434218.532709,4462317.47482
434218.193863,4462317.45262
434217.805564,4462317.4118
434217.453343,4462317.3664
434217.083945,4462317.34891
434216.717489,4462317.3116
434216.353386,4462317.28425
434215.99379,4462317.25391
434215.620663,4462317.21499
434215.246634,4462317.18625
434214.879538,4462317.15671
434214.529714,4462317.11019
434214.094153,4462317.05812
434213.754449,4462317.01891
434213.37478,4462317.00928
434213.033442,4462316.97748
434212.669177,4462316.94773
434212.320154,4462316.91175
434211.967228,4462316.88301
434211.61017,4462316.85135
434211.268287,4462316.80586
434211.03941,4462317.0173
434210.690471,4462316.99093
434210.333681,4462316.98998
434209.879232,4462316.98082
434209.546782,4462316.94506
434209.197219,4462316.91203
434208.859593,4462316.88372
434208.450963,4462316.86639
434208.096043,4462316.83637
434207.770571,4462316.82109
434207.429736,4462316.79816
434207.126027,4462316.77732
434206.779577,4462316.77647
434206.440098,4462316.74669
434206.102509,4462316.73872
434205.830882,4462316.72611
434205.491041,4462316.70355
434205.155134,4462316.69354
434204.827507,4462316.70713
434204.458916,4462316.70111
434204.128843,4462316.69419
434203.78141,4462316.67798
434203.457945,4462316.68174
434203.132117,4462316.6905
434202.822529,4462316.69377
434202.489632,4462316.70408
434202.174281,4462316.71238
434201.799159,4462316.73694
434201.490588,4462316.74315
434201.175033,4462316.77681
434200.85716,4462316.78828
434200.429573,4462316.85456
434200.128226,4462316.87699
434199.808272,4462316.92585
434199.498741,4462316.95187
434199.27998,4462317.00818
434199.035832,4462317.02807
434198.812598,4462316.99395
434198.505154,4462317.04807
434198.184083,4462317.13117
434197.939279,4462317.40009
434197.792355,4462317.34606
434197.490453,4462317.41845
434197.064304,4462317.66547
434196.695865,4462317.69292
434196.377891,4462317.44982
434196.085682,4462317.54544
434195.780954,4462317.61859
434195.541245,4462317.85473
434195.361978,4462318.03798
434195.059775,4462318.14071
434194.755806,4462318.25215
434194.457628,4462318.39407
434194.17889,4462318.49142
434193.897407,4462318.61506
434193.602644,4462318.72643
434193.513028,4462318.89298
434193.212041,4462319.00514
434192.916786,4462319.12502
434192.639092,4462319.26084
434192.205977,4462319.26185
434191.892555,4462319.36117
434191.622076,4462319.496
434191.350885,4462319.58181
434191.030329,4462319.67527
434190.764549,4462320.12069
434190.490714,4462320.24427
434190.291517,4462320.23787
434189.921179,4462320.5016
434189.760813,4462320.44917
434189.501041,4462320.57743
434189.220156,4462320.73715
434188.845173,4462321.03663
434188.575961,4462321.17053
434188.323946,4462321.3113
434188.063666,4462321.44623
434187.705875,4462321.50893
434187.408967,4462321.61791
434187.157841,4462321.76312
434186.906616,4462321.91314
434186.633313,4462322.03283
434186.307445,4462322.11801
434186.062735,4462322.25188
434185.810906,4462322.39765
434185.54609,4462322.48359
434185.275737,4462322.61657
434185.035213,4462322.75946
434184.776242,4462322.89827
434184.475535,4462323.02633
434184.186103,4462323.13173
434183.939774,4462323.27486
434183.696441,4462323.42037
434183.449703,4462323.56518
434183.202574,4462323.71387
434182.968731,4462323.85948
434182.725657,4462324.00221
434182.526101,4462324.18138
434182.285502,4462324.33187
434182.039052,4462324.47722
434181.790757,4462324.62222
434181.551121,4462324.76936
434181.283209,4462324.90621
434181.042738,4462325.05503
434180.803701,4462325.20586
434180.51746,4462325.31993
434180.273751,4462325.47099
434180.032882,4462325.62296
434179.792244,4462325.76882
434179.692914,4462325.94212
434179.484274,4462326.13524
434179.243145,4462326.2898
434178.998771,4462326.44587
434178.713601,4462326.58508
434178.497499,4462326.76717
434178.264272,4462326.93461
434178.029648,4462327.088
434177.900006,4462327.22863
434177.697084,4462327.42782
434177.466256,4462327.59412
434177.233559,4462327.7573
434176.974442,4462327.96049
434176.745557,4462328.13844
434176.518371,4462328.33265
434176.298478,4462328.4861
434176.04321,4462328.75678
434175.827836,4462328.95737
434175.598633,4462329.14753
434175.363037,4462329.3518
434175.209581,4462329.44158
434174.895232,4462329.49965
434174.674244,4462329.68992
434174.624407,4462330.16158
434174.399283,4462330.04089
434173.930376,4462330.48383
434173.691986,4462330.70867
434173.488526,4462330.92728
434173.296549,4462331.16319
434173.170667,4462331.44217
434172.964178,4462331.65452
434172.787244,4462331.87771
434172.466679,4462332.03482
434172.28717,4462332.25507
434172.11704,4462332.49503
434171.954237,4462332.73068
434171.796446,4462332.98886
434171.618924,4462333.25812
434171.427825,4462333.49735
434171.229818,4462333.75643
434171.024988,4462333.99651
434170.730342,4462334.2668
434170.543788,4462334.53984
434170.383762,4462334.80155
434170.17528,4462335.0289
434170.023989,4462335.30145
434169.858548,4462335.5917
434169.700846,4462335.87615
434169.623894,4462336.17876
434169.465672,4462336.46857
434169.31923,4462336.76106
434169.176542,4462337.06184
434169.008953,4462337.33324
434168.887256,4462337.62107
434168.751126,4462337.9266
434168.619831,4462338.21822
434168.540984,4462338.54711
434168.412298,4462338.84555
434168.294184,4462339.15426
434168.161132,4462339.47179
434168.10764,4462339.83321
434167.984052,4462340.1477
434167.862371,4462340.46976
434167.759336,4462340.7861
434167.58369,4462341.10789
434167.468996,4462341.43526
434167.353692,4462341.75763
434167.25036,4462342.08859
434167.254935,4462342.40103
434167.152285,4462342.72903
434167.058159,4462343.04363
434166.872943,4462343.42101
434166.599895,4462343.79638
434166.489278,4462344.13647
434166.382862,4462344.47097
434166.392927,4462344.74729
434166.481209,4462345.20553
434166.373906,4462345.55207
434166.26838,4462345.89119
434166.260675,4462346.19227
434166.158774,4462346.65439
434166.058946,4462346.99735
434165.954748,4462347.34257
434165.815594,4462347.70715
434165.784327,4462348.03489
434165.582244,4462348.42703
434165.493479,4462348.75546
434165.576799,4462349.01893
434165.398899,4462349.19643
434165.325573,4462349.58966
434165.276385,4462349.90886
434165.158202,4462350.27455
434164.859615,4462350.53137
434164.618585,4462350.90757
434164.512087,4462351.2652
434164.432674,4462351.57782
434164.329905,4462351.95689
434164.215842,4462352.32402
434164.107708,4462352.68888
434163.968927,4462353.11229
434163.819747,4462353.48029
434163.639805,4462353.8615
434163.532596,4462354.23487
434163.413359,4462354.62573
434163.294539,4462355.16145
434163.322294,4462355.51698
434163.211404,4462355.89056
434163.114919,4462356.24311
434162.921977,4462356.56301
434162.772986,4462356.95266
434162.662446,4462357.33382
434162.552592,4462357.71257
434162.5172,4462358.11916
434162.300447,4462358.51809
434162.189371,4462358.90278
434162.093582,4462359.25403
434161.955939,4462359.58085
434161.946612,4462359.95558
434161.84388,4462360.33889
434161.720735,4462360.75254
434161.699588,4462361.18473
434161.665252,4462361.56633
434161.554682,4462361.96026
434161.440211,4462362.36163
434161.279225,4462362.64296
434161.138988,4462363.04566
434161.022813,4462363.44648
434160.908912,4462363.84821
434160.756342,4462364.23344
434160.576143,4462364.65
434160.460433,4462365.05544
434160.328607,4462365.49674
434160.217845,4462365.90103
434160.075689,4462366.31096
434159.960581,4462366.72047
434159.860134,4462367.08971
434159.667082,4462367.38075
434159.513075,4462367.79597
434159.394171,4462368.20866
434159.281211,4462368.60464
434159.120385,4462368.93666
434158.971496,4462369.35405
434158.853038,4462369.76914
434158.733413,4462370.18036
434158.707061,4462370.72989
434158.575375,4462371.15471
434158.454563,4462371.57593
434158.336298,4462371.99694
434158.221535,4462372.3811
434158.116564,4462372.79977
434157.993956,4462373.22618
434157.874673,4462373.64406
434157.651901,4462374.00252
434157.515292,4462374.43127
434157.259472,4462375.30232
434157.207636,4462375.78824
434157.071886,4462376.2181
434156.947151,4462376.64416
434156.630758,4462377.89298
434156.507714,4462378.3181
434156.374956,4462378.74996
434156.296958,4462379.22427
434156.15836,4462379.6523
434156.033756,4462380.07725
434155.910921,4462380.49386
434155.718882,4462380.93291
434155.624642,4462381.34779
434155.497737,4462381.76869
434155.385318,4462382.16171
434155.216164,4462382.51304
434155.146977,4462382.92604
434155.023877,4462383.34468
434154.89806,4462383.79277
434154.801067,4462384.21674
434154.646605,4462384.64472
434154.524789,4462385.06447
434154.406561,4462385.47345
434154.328187,4462386.01807
434154.180499,4462386.44322
434154.056746,4462386.86816
434153.933118,4462387.29125
434153.808214,4462387.71417
434153.678208,4462388.13676
434153.426314,4462388.98705
434153.319902,4462389.43515
434153.242919,4462389.84747
434153.119099,4462390.26483
434152.990998,4462390.69462
434152.885093,4462391.10368
434152.789558,4462391.51617
434152.543285,4462392.34513
434152.40899,4462392.76314
434152.295949,4462393.18207
434152.061848,4462393.99391
434151.962401,4462394.47728
434151.805777,4462394.90085
434151.68535,4462395.31744
434151.56105,4462395.7446
434151.462607,4462396.1647
434151.326917,4462396.58512
434151.203811,4462397.00303
434151.081741,4462397.4261
434150.92655,4462397.80303
434150.788311,4462398.22348
434150.662234,4462398.64178
434150.557086,4462399.024
434150.464829,4462399.48734
434150.224338,4462400.32958
434150.091958,4462400.77217
434149.952156,4462401.14341
434149.849544,4462401.55651
434149.728963,4462401.97162
434149.50584,4462402.87254
434149.370151,4462403.29296
434149.247617,4462403.7116
434149.135937,4462404.10795
434149.023468,4462404.57609
434148.890588,4462404.99389
434148.770181,4462405.4127
434148.638931,4462405.85491
434148.524377,4462406.24666
434148.443095,4462406.6531
434148.320979,4462407.07081
434148.190144,4462407.51191
434148.094247,4462407.93161
434148.030169,4462408.32939
434147.909974,4462408.74006
434147.798358,4462409.12771
434147.632932,4462409.50028
434147.488946,4462409.91134
434147.366894,4462410.32017
434147.250282,4462410.71952
434147.118605,4462411.08052
434147.010216,4462411.48072
434146.780215,4462412.27532
434146.701986,4462412.65842
434146.590308,4462413.05514
434146.471001,4462413.45395
434146.363247,4462413.82954
434146.264763,4462414.22873
434146.141354,4462414.62814
434146.025854,4462415.02507
434145.915711,4462415.4029
434145.790703,4462415.8138
434145.680148,4462416.20921
434145.561783,4462416.60246
434145.437787,4462417.01575
434145.290104,4462417.37652
434145.057865,4462418.15819
434144.941151,4462418.5457
434144.824779,4462418.94005
434144.685268,4462419.32831
434144.570373,4462419.7134
434144.465546,4462420.0675
434144.359722,4462420.45325
434144.147906,4462421.20569
434144.029681,4462421.59858
434143.896056,4462421.94738
434143.792813,4462422.32053
434143.680193,4462422.69042
434143.560222,4462423.07814
434143.467064,4462423.50319
434143.145363,4462424.61422
434143.030745,4462424.99856
434142.912412,4462425.36296
434142.802724,4462425.72802
434142.692172,4462426.09142
434142.581088,4462426.44262
434142.343231,4462427.16476
434142.228693,4462427.54208
434142.108386,4462427.89132
434142.006093,4462428.24355
434141.899586,4462428.59989
434141.798734,4462428.93878
434141.703353,4462429.28781
434141.486955,4462429.9859
434141.379974,4462430.3365
434141.287863,4462430.68698
434141.180883,4462431.03777
434141.078442,4462431.38926
434140.97338,4462431.73264
434140.853078,4462432.08243
434140.745216,4462432.42953
434140.640774,4462432.77901
434140.532056,4462433.14147
434140.426604,4462433.50501
434140.3195,4462433.85784
434140.216512,4462434.21156
434140.11125,4462434.56437
434140.015177,4462434.91525
434139.893752,4462435.26617
434139.78819,4462435.61713
434139.68528,4462435.96363
434139.570788,4462436.31375
434139.468155,4462436.65951
434139.25818,4462437.34699
434139.143248,4462437.71155
434139.038913,4462438.05713
434138.932772,4462438.40662
434138.830099,4462438.74776
434138.707254,4462439.08203
434138.597259,4462439.42823
434138.492111,4462439.77789
434138.385796,4462440.12368
434138.275613,4462440.44823
434138.179086,4462440.79578
434138.073801,4462441.14601
434137.969274,4462441.48568
434137.875921,4462441.83986
434137.768204,4462442.18733
434137.662601,4462442.53348
434137.559708,4462442.86574
434137.425293,4462443.20511
434137.326304,4462443.5464
434137.218263,4462443.88925
434137.112161,4462444.22689
434137.007267,4462444.54085
434136.906718,4462444.88196
434136.801774,4462445.22256
434136.685209,4462445.54624
434136.561485,4462445.8772
434136.436851,4462446.21741
434136.331153,4462446.55284
434136.224803,4462446.89456
434135.171585,4462450.17624
434135.066688,4462450.50611
434134.961834,4462450.84079
434134.850572,4462451.17145
434134.734909,4462451.50104
434134.632472,4462451.83681
434134.529927,4462452.16018
434134.446142,4462452.49097
434134.342067,4462452.8175
434134.239543,4462453.14328
434134.140252,4462453.46625
434134.046273,4462453.78122
434133.948652,4462454.10085
434133.846654,4462454.42199
434133.746033,4462454.73869
434133.643199,4462455.04522
434133.55607,4462455.36605
434133.459553,4462455.68234
434133.358393,4462456.00219
434133.272575,4462456.34336
434133.166005,4462456.65992
434133.072439,4462456.97359
434132.976474,4462457.28821
434132.905687,4462457.64756
434132.826237,4462457.95575
434132.737178,4462458.26642
434132.652986,4462458.56687
434132.564489,4462458.89327
434132.468878,4462459.19974
434132.386993,4462459.5048
434132.30929,4462459.80224
434132.223864,4462460.12342
434132.147883,4462460.42343
434132.07614,4462460.72211
434132.007754,4462461.03224
434131.930958,4462461.33614
434131.866994,4462461.63364
434131.804534,4462461.92503
434131.747678,4462462.20933
434131.680743,4462462.49095
434131.624256,4462462.78505
434131.573831,4462463.07596
434131.526925,4462463.36425
434131.485315,4462463.65896
434131.441512,4462463.94593
434131.405167,4462464.22728
434131.370464,4462464.51823
434131.340264,4462464.80582
434131.314559,4462465.08911
434131.291979,4462465.37348
434131.277099,4462465.64762
434131.262748,4462465.93358
434131.255595,4462466.21671
434131.251228,4462466.49445
434131.247918,4462466.77977
434131.25318,4462467.07352
434131.252117,4462467.35659
434131.266063,4462467.63917
434131.285802,4462467.92021
434131.320659,4462468.21315
434131.334456,4462468.49498
434131.366823,4462468.7785
434131.406492,4462469.05493
434131.449387,4462469.34391
434131.479059,4462469.62709
434131.526983,4462469.90807
434131.579126,4462470.18569
434131.659399,4462470.45695
434131.728519,4462470.73238
434131.794797,4462471.00673
434131.864607,4462471.28012
434131.945053,4462471.5388
434132.015564,4462471.81126
434132.100083,4462472.0823
434132.192719,4462472.34198
434132.288002,4462472.59683
434132.378438,4462472.86412
434132.48502,4462473.13145
434132.598507,4462473.39484
434132.712005,4462473.65934
434132.838092,4462473.92206
434132.967116,4462474.1805
434133.108929,4462474.42754
434133.253115,4462474.67068
434133.393617,4462474.92976
434133.544737,4462475.18838
434133.701945,4462475.44675
434133.848129,4462475.69154
434134.016036,4462475.94242
434134.182356,4462476.18999
434134.35842,4462476.43433
434134.546067,4462476.69133
434134.746699,4462476.92694
434134.944647,4462477.16332
434135.144508,4462477.39173
434135.347757,4462477.63509
434135.559933,4462477.86264
434135.781424,4462478.0866
434136.001783,4462478.31057
434136.225858,4462478.53839
434136.470485,4462478.75179
434136.713309,4462478.96946
434136.960889,4462479.18042
434137.208577,4462479.40378
434137.475051,4462479.60496
434137.732616,4462479.80788
434137.989469,4462480.01026
434138.247225,4462480.18635
434138.517841,4462480.37547
434138.792655,4462480.55863
434139.078431,4462480.73207
434139.365177,4462480.9031
434139.661859,4462481.07664
434140.245748,4462481.42527
434140.54492,4462481.59193
434140.849764,4462481.75948
434141.15421,4462481.92998
434141.459046,4462482.0966
434141.763651,4462482.26914
434142.078081,4462482.43141
434142.395167,4462482.58978
434142.718449,4462482.74403
434143.361934,4462483.04052
434143.689035,4462483.19418
434144.022462,4462483.34241
434144.353855,4462483.48474
434144.691737,4462483.64034
434145.029223,4462483.79927
434145.36663,4462483.94914
434145.710659,4462484.09506
434146.046135,4462484.25086
434146.737105,4462484.55175
434147.082672,4462484.71154
434147.421151,4462484.87064
434147.777761,4462485.02996
434148.851707,4462485.50881
434149.206352,4462485.65408
434149.565992,4462485.80357
434149.926188,4462485.96804
434150.298296,4462486.11797
434150.664803,4462486.27535
434151.034553,4462486.43104
434151.796594,4462486.74481
434152.175229,4462486.89617
434152.555794,4462487.04158
434152.919565,4462487.19381
434153.295548,4462487.34963
434153.673786,4462487.50413
434154.059972,4462487.6606
434154.446132,4462487.83021
434155.227716,4462488.14381
434155.615114,4462488.30933
434155.993936,4462488.46587
434156.365506,4462488.61914
434156.760765,4462488.77664
434157.154092,4462488.93989
434157.54548,4462489.09187
434158.350931,4462489.41378
434158.751785,4462489.57937
434159.155172,4462489.74309
434159.555552,4462489.90314
434159.957375,4462490.06613
434160.362171,4462490.2291
434160.763211,4462490.39968
434161.168725,4462490.56375
434161.574698,4462490.73171
434161.979259,4462490.90004
434162.403221,4462491.06821
434162.825042,4462491.23436
434163.234969,4462491.40098
434163.650294,4462491.56941
434164.059556,4462491.72475
434164.474452,4462491.89263
434164.887257,4462492.0644
434165.300992,4462492.22914
434165.71156,4462492.38818
434166.544931,4462492.71224
434166.958987,4462492.88123
434167.376609,4462493.03706
434168.205725,4462493.3767
434168.621068,4462493.54716
434169.024204,4462493.71459
434169.45764,4462493.881
434169.872693,4462494.05073
434170.292405,4462494.21875
434170.712763,4462494.37973
434171.133377,4462494.55366
434171.554643,4462494.72129
434171.975673,4462494.89429
434172.386269,4462495.05647
434172.803862,4462495.22506
434173.218237,4462495.39831
434173.634053,4462495.57432
434174.053335,4462495.74179
434174.474796,4462495.91552
434174.896989,4462496.09185
434175.31742,4462496.27743
434175.731728,4462496.44291
434176.156432,4462496.61495
434176.574458,4462496.78465
434176.995202,4462496.95729
434177.411785,4462497.12385
434178.697618,4462497.65228
434179.128547,4462497.83981
434179.556845,4462498.01793
434179.983854,4462498.1944
434180.411995,4462498.37085
434180.836456,4462498.54753
434181.26179,4462498.72678
434181.695392,4462498.91226
434182.125993,4462499.09461
434182.556511,4462499.26753
434182.986978,4462499.45081
434183.416695,4462499.62929
434183.846741,4462499.81294
434184.279971,4462499.98824
434184.717344,4462500.16758
434185.152888,4462500.34841
434185.588381,4462500.52332
434186.02962,4462500.69134
434186.468284,4462500.87251
434186.905925,4462501.05018
434187.342215,4462501.23526
434187.791565,4462501.40764
434188.22867,4462501.58883
434188.666033,4462501.76706
434189.105033,4462501.95433
434189.553539,4462502.14356
434189.988949,4462502.32514
434190.878992,4462502.68404
434191.329473,4462502.87233
434191.779039,4462503.05322
434192.218703,4462503.2355
434192.658707,4462503.42425
434193.096184,4462503.59933
434193.542296,4462503.77396
434193.986809,4462503.96008
434194.431449,4462504.14453
434194.87273,4462504.31736
434195.31491,4462504.49573
434196.204146,4462504.85964
434196.648128,4462505.04983
434197.543981,4462505.40906
434197.989765,4462505.5948
434198.419623,4462505.77327
434198.874308,4462505.95653
434199.319774,4462506.1382
434199.767909,4462506.31744
434200.206675,4462506.51046
434200.649756,4462506.69474
434201.096639,4462506.87658
434201.540426,4462507.06067
434202.849458,4462507.61869
434203.296528,4462507.80571
434203.738738,4462507.98759
434204.185219,4462508.17203
434204.632847,4462508.35812
434205.078481,4462508.54294
434205.523394,4462508.72628
434205.976577,4462508.91584
434206.424355,4462509.10285
434206.868185,4462509.29194
434207.309401,4462509.47365
434207.761288,4462509.66081
434208.206096,4462509.84841
434208.652023,4462510.03433
434209.099064,4462510.21802
434209.545287,4462510.40542
434209.991242,4462510.59449
434210.442664,4462510.77722
434210.900618,4462510.96174
434211.791278,4462511.34285
434212.235975,4462511.53396
434212.677082,4462511.71937
434213.114158,4462511.91351
434213.561385,4462512.10238
434214.00718,4462512.28941
434214.456162,4462512.48456
434214.904403,4462512.67601
434215.35039,4462512.86878
434215.795964,4462513.06303
434216.23791,4462513.26342
434217.134831,4462513.64799
434217.584477,4462513.83813
434218.030969,4462514.02387
434218.474425,4462514.21888
434218.919145,4462514.41258
434219.357355,4462514.60689
434219.808017,4462514.79981
434220.250063,4462514.99557
434221.14463,4462515.38626
434221.59576,4462515.58417
434222.039205,4462515.77788
434222.487466,4462515.97155
434222.934972,4462516.16005
434223.387396,4462516.36016
434223.837063,4462516.55272
434224.288697,4462516.74358
434224.737122,4462516.93985
434225.196746,4462517.1373
434225.655471,4462517.32922
434226.105825,4462517.51936
434226.556614,4462517.71079
434227.013497,4462517.90254
434227.469252,4462518.09485
434227.923615,4462518.27386
434228.375673,4462518.46454
434228.819996,4462518.64529
434229.273296,4462518.83226
434229.725482,4462519.02146
434230.182014,4462519.20544
434231.082736,4462519.57129
434231.537735,4462519.75825
434231.990078,4462519.94911
434232.445448,4462520.14605
434232.908532,4462520.33441
434233.362545,4462520.52193
434233.81716,4462520.71352
434234.270826,4462520.89382
434234.729075,4462521.07982
434235.185377,4462521.2701
434235.639252,4462521.45798
434236.089283,4462521.65997
434236.540994,4462521.85953
434236.996432,4462522.04815
434237.452025,4462522.23824
434237.914506,4462522.43864
434238.374918,4462522.62906
434238.830208,4462522.81694
434239.287481,4462523.0048
434239.741304,4462523.20305
434240.19649,4462523.39518
434241.11401,4462523.77088
434241.564718,4462523.95306
434242.015526,4462524.14671
434242.471829,4462524.33698
434242.92419,4462524.53007
434243.380647,4462524.72182
434243.835815,4462524.91192
434244.288038,4462525.10537
434244.740193,4462525.29106
434245.198645,4462525.48427
434246.102682,4462525.87304
434246.55068,4462526.0693
434247.006465,4462526.26513
434247.457074,4462526.45231
434247.909514,4462526.63818
434248.358949,4462526.82056
434248.804065,4462527.01111
434249.256499,4462527.19643
434249.702987,4462527.38198
434250.149373,4462527.57197
434250.601009,4462527.76321
434251.490873,4462528.1347
434252.829046,4462528.70561
434253.268794,4462528.89788
434253.707078,4462529.08461
434254.152783,4462529.26166
434254.589249,4462529.4349
434255.023781,4462529.61371
434255.451321,4462529.80275
434255.882866,4462529.98011
434256.309353,4462530.16213
434256.733509,4462530.33678
434257.156475,4462530.52105
434257.584581,4462530.69381
434258.007469,4462530.86921
434258.42713,4462531.04815
434258.846388,4462531.2295
434259.260613,4462531.40219
434259.677281,4462531.57894
434260.092393,4462531.75588
434260.506529,4462531.93468
434260.919105,4462532.11313
434261.337316,4462532.2882
434261.740137,4462532.46876
434262.15349,4462532.63888
434262.571108,4462532.81099
434262.982499,4462532.98352
434263.390781,4462533.15683
434263.799622,4462533.32939
434264.211468,4462533.48915
434264.622868,4462533.6628
434265.431108,4462534.01318
434265.835712,4462534.18707
434266.230109,4462534.35994
434266.63186,4462534.53145
434267.034875,4462534.70184
434267.43058,4462534.8784
434267.822418,4462535.05018
434268.220208,4462535.22228
434268.616733,4462535.3955
434269.017488,4462535.56647
434269.807658,4462535.90757
434270.205317,4462536.06469
434270.603529,4462536.23641
434271.007397,4462536.40717
434271.404137,4462536.57261
434271.80036,4462536.74362
434272.195081,4462536.92111
434272.595415,4462537.09263
434272.990085,4462537.26439
434273.386293,4462537.43373
434273.779158,4462537.60958
434274.175936,4462537.77928
434274.569607,4462537.95012
434274.96334,4462538.12799
434275.362135,4462538.30175
434275.759069,4462538.47312
434276.15404,4462538.64691
434276.551817,4462538.81753
434276.94648,4462538.98836
434277.738538,4462539.33481
434278.130973,4462539.51011
434278.92828,4462539.84134
434279.323398,4462540.01569
434279.71966,4462540.19132
434280.121148,4462540.38152
434280.515956,4462540.55272
434280.911074,4462540.72706
434281.306895,4462540.90085
434281.701387,4462541.08463
434282.094215,4462541.25622
434282.885299,4462541.60472
434283.284776,4462541.77551
434283.675238,4462541.95193
434284.073183,4462542.12569
434284.469581,4462542.30058
434284.86316,4462542.47716
434285.653413,4462542.82789
434286.046976,4462543.00261
434286.445076,4462543.17786
434287.23249,4462543.52787
434287.635505,4462543.69826
434288.028115,4462543.87743
434288.431719,4462544.05041
434288.829107,4462544.22529
434289.226339,4462544.39851
434289.615441,4462544.56513
434290.403516,4462544.90977
434290.804971,4462545.07999
434291.195444,4462545.25771
434291.987432,4462545.61249
434292.386054,4462545.78273
434292.78459,4462545.95927
434293.181548,4462546.1336
434293.984719,4462546.48772
434294.385529,4462546.66516
434294.784314,4462546.83781
434295.18396,4462547.01175
434295.58347,4462547.18642
434295.986317,4462547.35386
434296.784157,4462547.69767
434297.18253,4462547.8718
434297.587815,4462548.04273
434297.984618,4462548.21558
434298.38441,4462548.39007
434298.785308,4462548.5614
434299.185316,4462548.7444
434299.589615,4462548.91589
434300.394534,4462549.25946
434300.802125,4462549.43499
434301.212314,4462549.59995
434301.611363,4462549.77038
434302.015902,4462549.93706
434302.417202,4462550.1058
434302.818122,4462550.27972
434303.218702,4462550.44718
434303.620862,4462550.61702
434304.020354,4462550.78966
434304.419406,4462550.96046
434304.821304,4462551.1329
434305.227145,4462551.30271
434305.629335,4462551.47607
434306.039262,4462551.64344
434306.444418,4462551.81584
434306.847746,4462551.98975
434307.252678,4462552.169
434307.651448,4462552.33999
434308.053489,4462552.51261
434308.458059,4462552.6828
434308.874187,4462552.86288
434309.280481,4462553.03584
434309.683641,4462553.20678
434310.495303,4462553.54419
434310.893231,4462553.7161
434311.298655,4462553.88684
434311.702943,4462554.05723
434312.106079,4462554.2254
434312.516149,4462554.39295
434312.922276,4462554.56313
434313.326577,4462554.73499
434313.730857,4462554.90445
434314.141125,4462555.07848
434314.952118,4462555.42033
434315.358554,4462555.57718
434315.763592,4462555.75237
434316.169151,4462555.92237
434316.575933,4462556.08644
434316.982218,4462556.25847
434317.392587,4462556.42787
434317.799432,4462556.59915
434318.60921,4462556.94786
434319.017736,4462557.11709
434319.423857,4462557.28653
434319.829291,4462557.45839
434320.234952,4462557.62394
434320.651683,4462557.792
434321.059511,4462557.96235
434321.468781,4462558.13565
434321.875108,4462558.31248
434322.280405,4462558.48489
434322.687064,4462558.65118
434323.095354,4462558.82578
434323.506605,4462558.99888
434323.91528,4462559.16885
434324.326234,4462559.34047
434324.734235,4462559.51434
434325.139618,4462559.68045
434325.544481,4462559.85194
434325.951456,4462560.02193
434326.357052,4462560.19618
434326.759857,4462560.37527
434327.168963,4462560.54598
434327.58316,4462560.69963
434327.990429,4462560.87091
434328.407831,4462561.05098
434328.814555,4462561.22467
434329.225955,4462561.39869
434329.635082,4462561.5718
434330.05369,4462561.7441
434330.456726,4462561.91708
434330.868985,4462562.0922
434331.281125,4462562.26973
434332.101851,4462562.62352
434332.513543,4462562.79847
434332.925669,4462562.97451
434333.337196,4462563.14687
434333.751424,4462563.32031
434334.160541,4462563.49231
434334.571257,4462563.66911
434334.990142,4462563.85695
434335.40742,4462564.03905
434335.815875,4462564.21643
434336.2277,4462564.39045
434336.637178,4462564.57133
434337.049295,4462564.74645
434337.461561,4462564.92232
434337.874244,4462565.09725
434338.281539,4462565.27149
434338.688869,4462565.4498
434339.515818,4462565.80262
434339.932959,4462565.98528
434340.343541,4462566.16301
434340.757912,4462566.33664
434341.17356,4462566.51062
434341.583865,4462566.6889
434341.992891,4462566.86683
434342.403037,4462567.04327
434342.821655,4462567.21667
434343.231502,4462567.39126
434343.635086,4462567.56239
434344.048311,4462567.73454
434344.463556,4462567.91093
434344.874027,4462568.09218
434345.288547,4462568.26673
434345.701526,4462568.44314
434346.113502,4462568.61827
434346.527669,4462568.80114
434346.941601,4462568.97311
434347.356525,4462569.14525
434347.770031,4462569.31721
434348.177673,4462569.49885
434348.99907,4462569.84857
434349.412155,4462570.02091
434349.824936,4462570.19104
434350.644792,4462570.54262
434351.065929,4462570.71267
434351.472961,4462570.88932
434351.880592,4462571.06966
434352.291571,4462571.24424
434352.702661,4462571.41531
434353.113916,4462571.58896
434354.339457,4462572.10906
434354.74922,4462572.27403
434355.152428,4462572.45072
434355.56281,4462572.62179
434355.968871,4462572.80085
434356.377451,4462572.97637
434356.784582,4462573.14821
434357.195377,4462573.31798
434357.605885,4462573.4872
434358.013259,4462573.65441
434358.425923,4462573.82731
434358.838147,4462573.99855
434360.050443,4462574.51026
434360.465387,4462574.68481
434360.875916,4462574.85643
434361.287302,4462575.02897
434361.695569,4462575.20117
434362.106546,4462575.37557
434362.516524,4462575.54905
434362.920606,4462575.7285
434363.327355,4462575.90534
434363.73663,4462576.07938
434364.144659,4462576.25676
434364.554247,4462576.43431
434365.37933,4462576.78455
434365.787372,4462576.96342
434366.201923,4462577.14167
434366.613901,4462577.31716
434367.438303,4462577.67056
434367.846495,4462577.85034
434368.261703,4462578.02267
434368.673982,4462578.2002
434369.083098,4462578.37239
434369.490556,4462578.54922
434370.313985,4462578.88856
434370.727428,4462579.0696
434371.139966,4462579.24435
434371.553487,4462579.41817
434371.963713,4462579.58776
434372.375946,4462579.75992
434372.790015,4462579.9317
434373.204959,4462580.10625
434373.616488,4462580.27898
434374.848124,4462580.79995
434375.260673,4462580.976
434375.670523,4462581.15115
434376.086349,4462581.32939
434376.910822,4462581.67483
434377.326981,4462581.8588
434377.741567,4462582.02484
434378.155634,4462582.19625
434378.569446,4462582.37099
434378.979695,4462582.54317
434379.390134,4462582.7209
434379.80012,4462582.89549
434380.212961,4462583.07246
434380.624927,4462583.24666
434381.034807,4462583.42533
434381.448188,4462583.59933
434381.861316,4462583.77685
434382.273578,4462583.95253
434382.687516,4462584.12542
434383.506548,4462584.48035
434383.916565,4462584.65845
434384.327976,4462584.83396
434384.740241,4462585.01001
434385.566377,4462585.35136
434385.979954,4462585.53166
434386.807988,4462585.87947
434387.220477,4462586.04868
434387.633115,4462586.2188
434388.045394,4462586.39633
434388.456107,4462586.57314
434388.870468,4462586.74584
434389.283746,4462586.90819
434389.7026,4462587.07641
434390.117945,4462587.24837
434390.531617,4462587.42329
434390.947408,4462587.59765
434391.777459,4462587.94952
434392.193353,4462588.11943
434392.612982,4462588.27914
434393.026078,4462588.45296
434393.440198,4462588.63066
434393.851644,4462588.81023
434394.264535,4462588.99312
434395.093442,4462589.34371
434395.507854,4462589.52233
434396.338391,4462589.86494
434396.751518,4462590.04247
434397.163622,4462590.2163
434397.576208,4462590.39679
434397.988048,4462590.57284
434398.404705,4462590.74904
434398.815959,4462590.92288
434399.232519,4462591.10426
434399.646756,4462591.27918
434400.06143,4462591.4554
434400.475378,4462591.62959
434400.88777,4462591.80397
434401.284339,4462591.99922
434401.700276,4462592.17412
434402.112635,4462592.34481
434402.525769,4462592.52307
434402.947208,4462592.69553
434403.362025,4462592.87193
434403.775315,4462593.05186
434404.189155,4462593.22993
434404.597619,4462593.40879
434405.010883,4462593.58576
434405.423893,4462593.76606
434405.835048,4462593.94489
434406.241136,4462594.12729
434406.654128,4462594.30556
434407.068367,4462594.48066
434407.48941,4462594.65645
434407.900242,4462594.83067
434408.30838,4462595.00454
434408.721395,4462595.18558
434409.150495,4462595.35945
434409.569872,4462595.53914
434409.984713,4462595.71831
434410.401887,4462595.88895
434410.816684,4462596.06313
434411.223322,4462596.24368
434411.628043,4462596.41554
434412.039747,4462596.59233
434412.453712,4462596.76856
434413.287223,4462597.12761
434413.703652,4462597.31029
434414.124013,4462597.48904
434414.529506,4462597.6683
434414.943346,4462597.84637
434415.358447,4462598.02296
434415.768121,4462598.19441
434416.183519,4462598.37247
434416.601611,4462598.55106
434417.017718,4462598.7293
434417.43836,4462598.90787
434417.857443,4462599.08626
434418.277066,4462599.2617
434419.112295,4462599.62296
434419.538885,4462599.80148
434419.960533,4462599.9817
434420.380325,4462600.16028
434420.796059,4462600.34444
434421.217412,4462600.52337
434421.63889,4462600.70046
434422.480307,4462601.05667
434422.900376,4462601.2345
434423.741093,4462601.59165
434424.161375,4462601.76153
434424.585705,4462601.9408
434425.010036,4462602.12008
434425.432053,4462602.29401
434425.853403,4462602.47258
434426.279007,4462602.65184
434426.708152,4462602.83108
434427.135321,4462603.01107
434427.556731,4462603.19648
434428.406964,4462603.55687
434428.833008,4462603.7378
434429.261709,4462603.91482
434429.686327,4462604.09465
434430.112789,4462604.27483
434430.540682,4462604.45667
434430.963871,4462604.63503
434431.389649,4462604.818
434431.81841,4462605.00186
434432.245289,4462605.18112
434432.672092,4462605.36796
434433.103025,4462605.54108
434433.534149,4462605.71993
434433.963546,4462605.89565
434434.391133,4462606.0749
434434.816044,4462606.25583
434435.247749,4462606.43634
434435.67747,4462606.61668